
/ dot 0 0 0 255 3 50 1 50 255 0 0 \
/ dot 0 0 0 255 3 50 0 50 255 0 0 \
/ solid 0 255 0 0 \
/ split 0 10 1 0 0 255 255 0 0 255 0 255 0 255 0 \
/ pattern 100 10 1 5 255 0 0 255 128 0 255 255 0 128 255 0 0 255 0 0 255 128 0 255 255 0 128 255 0 0 255 128 0 255 255 0 255 255 0 128 \

/ pattern 0 50 1 1 255 0 0 0 255 0 0 0 255 \

/ split 0 1 1 255 0 0 0 0 0 0 255 0 0 0 0 0 0 255 0 0 0


/ beats 255 0 0 0 10 0 0 0 255 \
/ bp1 \
/ bd180000 \
/ bs5000 \
/ bb10 200,500,99,500,500,99,1000,500,99,2000,500,99,3000,500,99,4000,500,99,5000,500,99,6000,500,99,7000,500,99,8000,500,99 \

/ bb2871 271,459,94,730,458,83,1188,456,72,1644,455,69,2099,455,75,2554,455,73,3009,455,75,3464,454,73,3918,454,75,4372,455,73,4827,455,75,5282,455,73,5737,454,75,6191,454,73,6644,454,75,7099,455,73,7554,455,75,8009,455,73,8463,454,75,8917,455,74,9372,455,75,9827,455,73,10282,454,75,10736,454,73,11190,454,75,11644,455,74,12099,455,75,12554,454,74,13009,454,75,13463,455,74,13918,455,75,14372,454,73,14827,454,75,15281,454,75,15735,455,75,16190,455,73,16645,455,74,17100,455,72,17555,455,73,18010,455,72,18465,454,74,18919,454,73,19373,454,74,19827,454,73,20281,454,73,20736,455,72,21190,455,74,21646,455,72,22101,454,72,22555,454,72,23009,454,73,23463,455,71,23918,454,73,24372,453,72,24825,454,73,25279,455,72,25734,455,73,26189,454,73,26643,455,73,27098,455,72,27554,455,76,28009,455,78,28464,455,83,28919,455,82,29374,454,90,29828,454,91,30282,454,92,30736,454,92,31190,454,93,31644,454,92,32098,454,93,32552,454,92,33007,454,93,33461,454,93,33914,455,93,34369,455,92,34824,455,92,35279,455,92,35734,455,93,36189,456,92,36645,455,93,37100,455,92,37555,454,92,38009,454,92,38463,454,92,38917,454,92,39371,455,92,39826,454,92,40280,454,92,40734,455,92,41189,455,92,41643,455,92,42098,454,91,42552,454,91,43006,454,91,43461,454,91,43915,454,91,44369,454,91,44823,454,91,45277,455,91,45732,455,90,46186,455,90,46641,455,90,47096,455,89,47551,455,89,48006,455,89,48461,454,88,48915,454,87,49369,454,87,49823,454,87,50277,455,87,50732,455,87,51186,454,86,51641,455,86,52095,455,85,52550,455,84,53005,455,83,53460,455,83,53914,454,83,54369,454,82,54823,454,81,55277,454,82,55731,454,81,56185,454,80,56640,454,79,57094,455,79,57549,455,77,58004,455,77,58460,455,74,58915,455,70,59369,454,66,59824,454,62,60277,454,62,60731,454,61,61185,454,61,61639,455,61,62094,454,60,62549,455,59,63003,455,56,63458,455,55,63912,455,53,64368,454,54,64822,454,53,65276,454,52,65730,454,50,66185,454,54,66639,454,54,67093,454,53,67547,454,52,68001,454,50,68455,455,50,68910,455,49,69364,454,47,69819,455,48,70273,455,46,70728,455,47,71183,455,42,71638,455,40,72092,455,39,72548,456,39,73004,456,35,73460,455,43,73915,455,40,74370,455,45,74826,455,40,75281,455,45,75735,454,39,76190,454,45,76644,454,41,77098,454,44,77551,454,40,78005,454,44,78460,455,40,78914,455,42,79369,455,39,79825,455,44,80280,456,42,80736,455,44,81191,454,41,81646,454,45,82100,454,42,82554,455,44,83009,455,41,83463,454,43,83917,454,40,84372,458,45,84829,461,43,85291,461,47,85752,458,31,86209,455,41,86664,454,30,87117,453,45,87571,450,87,88021,446,85,88468,446,78,88913,450,71,89363,454,55,89817,455,53,90272,455,53,90726,455,59,91181,455,55,91637,456,63,92093,454,57,92546,453,59,92999,455,55,93454,455,57,93909,454,54,94364,454,59,94818,455,55,95273,455,62,95728,454,56,96182,453,59,96635,454,55,97089,455,59,97545,455,57,97999,455,62,98454,455,56,98909,456,63,99365,454,57,99819,453,61,100272,455,55,100727,456,58,101183,455,54,101638,455,60,102093,455,56,102548,455,59,103003,454,53,103457,453,54,103911,454,50,104364,454,52,104819,454,49,105273,455,54,105728,455,52,106183,455,56,106638,455,51,107093,454,53,107547,455,50,108002,455,51,108457,455,50,108911,454,55,109366,454,51,109820,454,58,110275,454,53,110729,454,55,111183,455,51,111638,455,54,112093,455,52,112548,455,55,113003,455,52,113458,455,57,113913,454,53,114367,454,54,114820,455,51,115275,455,52,115730,455,50,116185,455,44,116639,455,51,117094,455,57,117550,454,53,118004,453,55,118457,454,51,118911,455,48,119366,454,48,119820,455,55,120275,455,54,120730,455,60,121185,455,55,121640,454,57,122094,455,54,122549,455,57,123004,455,55,123459,454,59,123913,455,56,124368,455,61,124823,455,58,125278,454,59,125732,455,56,126187,455,58,126641,455,55,127097,455,62,127552,455,60,128007,455,64,128461,455,61,128916,455,64,129371,455,59,129826,455,65,130281,455,62,130736,455,70,131191,455,79,131646,455,81,132101,455,81,132556,454,79,133010,454,80,133464,454,79,133919,454,79,134373,455,78,134828,455,79,135283,455,78,135737,454,79,136192,454,77,136646,454,78,137101,454,79,137555,454,80,138009,454,79,138463,454,79,138918,455,79,139372,455,79,139827,455,79,140282,455,79,140737,455,77,141192,454,78,141646,454,78,142101,454,78,142555,454,77,143009,454,77,143463,454,76,143918,455,77,144373,455,77,144827,455,76,145282,454,75,145736,454,76,146190,454,79,146644,454,82,147098,454,83,147552,454,83,148007,454,78,148461,454,79,148916,455,79,149370,455,80,149825,455,81,150280,455,81,150734,454,80,151188,454,80,151643,455,80,152097,455,80,152552,455,80,153007,454,79,153461,454,79,153916,455,78,154370,455,77,154825,454,77,155280,454,77,155733,454,77,156188,455,77,156642,454,76,157097,454,76,157550,454,74,158004,454,73,158459,455,73,158914,455,72,159369,455,73,159824,456,72,160280,456,66,160736,455,69,161192,455,62,161647,455,66,162102,455,58,162557,455,63,163012,455,58,163466,455,63,163921,455,57,164376,454,63,164830,454,58,165284,454,64,165738,454,57,166192,454,62,166646,454,56,167100,454,62,167554,455,56,168009,455,61,168464,454,54,168919,454,57,169373,455,48,169828,455,53,170283,455,46,170738,454,51,171192,453,43,171645,453,50,172098,453,43,172551,453,48,173005,454,42,173458,454,45,173913,455,38,174368,455,42,174823,456,36,175279,456,40,175735,454,33,176189,454,38,176643,455,30,177098,455,31,177553,454,25,178008,454,32,178462,453,28,178915,452,32,179367,450,22,179817,449,22,180266,450,18,180716,449,20,181165,450,24,181615,455,21,182070,456,17,182526,454,18,182980,454,16,183434,453,15,183887,454,15,184341,453,15,184794,449,20,185243,452,15,185695,455,16,186149,454,18,186603,458,17,187062,465,12,187526,468,14,187995,469,17,188464,467,5,188931,468,18,189399,470,16,189869,465,20,190334,458,11,190792,455,17,191248,456,21,191703,456,23,192159,455,11,192614,455,18,193069,454,19,193523,456,25,193979,456,17,194435,456,21,194891,455,20,195346,455,24,195800,455,13,196255,456,21,196711,455,20,197167,455,27,197622,455,23,198077,456,17,198533,456,27,198989,455,25,199444,455,9,199899,455,19,200354,456,23,200809,455,23,201265,456,16,201721,456,18,202177,455,20,202632,455,21,203087,457,12,203544,465,21,204009,471,18,204480,471,23,204951,472,11,205423,477,18,205900,484,11,206384,486,13,206869,477,10,207347,469,4,207816,469,7,208285,472,8,208757,471,10,209228,471,7,209699,472,11,210171,472,6,210643,474,3,211117,474,11,211591,471,10,212062,466,11,212528,459,6,212986,454,4,213441,455,2,213895,456,4,214351,456,2,214807,457,2,215264,461,3,215725,462,1,216187,463,0,216650,462,88,217112,460,87,217571,462,85,218033,468,62,218501,472,92,218974,474,86,219448,479,72,219927,485,52,220412,489,54,220902,488,60,221390,483,72,221873,483,83,222356,487,71,222843,487,56,223329,486,29,223815,484,48,224300,483,78,224783,484,70,225267,485,93,225751,484,93,226235,482,79,226717,484,27,227201,487,58,227688,489,71,228177,486,61,228663,481,82,229144,483,90,229628,487,57,230114,486,44,230600,486,16,231087,484,60,231571,484,89,232055,479,83,232534,466,96,233000,455,97,233455,447,88,233902,447,63,234349,447,11,234796,443,41,235239,444,75,235683,453,64,236136,459,12,236595,456,35,237051,452,72,237503,457,62,237960,466,21,238426,467,43,238893,464,68,239357,462,65,239818,465,91,240283,465,93,240749,459,86,241208,453,73,241661,448,88,242109,442,83,242550,440,74,242991,446,57,243437,447,23,243884,442,33,244326,446,70,244772,457,58,245229,466,24,245696,468,51,246164,463,80,246627,461,84,247088,465,97,247554,465,97,248019,459,83,248478,455,75,248933,454,85,249387,454,70,249841,455,61,250296,456,76,250752,455,84,251207,455,73,251661,455,68,252116,456,67,252572,455,74,253027,453,68,253480,454,66,253934,455,64,254389,454,77,254843,454,82,255296,454,78,255751,455,73,256206,455,76,256661,455,73,257116,455,70,257571,456,72,258027,455,77,258481,455,73,258936,455,69,259391,455,68,259846,454,75,260300,453,70,260753,453,65,261206,455,70,261661,453,84,262114,453,73,262567,454,59,263021,455,61,263476,455,73,263931,454,61,264385,454,55,264840,455,59,265295,455,70,265750,454,60,266204,455,58,266659,454,57,267113,454,62,267567,454,57,268021,454,55,268475,454,55,268929,454,69,269383,454,74,269837,455,69,270292,455,64,270748,455,64,271203,455,63,271658,455,61,272113,455,61,272568,455,65,273023,454,62,273477,455,58,273932,455,58,274387,455,65,274842,454,56,275296,455,62,275751,455,64,276206,455,76,276661,455,79,277115,455,77,277570,455,79,278025,455,85,278480,455,79,278934,455,76,279390,455,77,279845,455,84,280300,454,81,280754,455,77,281208,455,74,281663,454,82,282118,454,76,282571,454,72,283025,454,70,283479,454,85,283933,453,89,284387,454,85,284841,455,78,285296,455,83,285751,455,82,286205,456,78,286661,456,79,287117,455,85,287572,455,82,288027,454,76,288481,454,74,288935,454,82,289389,454,76,289843,454,72,290297,454,75,290752,454,84,291206,455,79,291661,456,78,292116,455,79,292571,455,88,293026,455,83,293481,455,81,293936,455,80,294390,454,88,294844,454,83,295298,455,81,295752,455,79,296207,454,86,296661,454,81,297115,455,78,297571,455,76,298026,454,88,298480,454,89,298934,455,86,299389,455,82,299844,454,84,300297,453,80,300750,454,74,301204,454,80,301658,453,86,302111,453,70,302564,454,68,303018,455,77,303473,455,80,303928,454,58,304382,453,73,304835,453,89,305287,453,61,305740,452,92,306192,451,85,306643,451,83,307094,453,78,307547,455,72,308001,455,59,308456,455,58,308911,455,60,309366,455,64,309821,454,67,310276,453,65,310729,453,66,311182,454,64,311635,454,62,312089,455,58,312544,455,58,312999,455,56,313455,454,56,313908,452,51,314360,454,57,314814,455,52,315269,457,48,315726,457,46,316183,455,40,316638,458,36,317096,462,41,317558,463,33,318021,460,43,318482,453,38,318934,451,44,319386,454,30,319840,453,38,320293,450,42,320742,447,53,321189,448,51,321637,453,54,322090,455,50,322545,454,52,322999,454,50,323454,455,55,323909,455,53,324364,454,57,324818,454,52,325272,454,55,325727,455,52,326182,455,56,326637,455,52,327092,455,58,327547,455,54,328002,455,60,328457,454,53,328911,454,54,329365,455,51,329819,455,52,330274,455,52,330729,455,57,331184,455,52,331639,455,57,332093,454,50,332547,454,54,333001,455,49,333456,455,54,333911,455,49,334366,455,56,334821,455,51,335276,455,57,335731,454,51,336184,453,54,336637,454,52,337092,455,50,337547,455,49,338002,454,55,338455,454,52,338910,455,58,339365,455,53,339819,454,53,340273,454,50,340727,455,51,341182,455,51,341637,455,55,342092,455,51,342547,455,57,343002,454,54,343456,454,55,343910,455,52,344365,455,53,344820,454,49,345274,455,54,345729,455,52,346183,455,56,346639,454,52,347093,453,53,347546,455,50,348001,455,52,348456,454,51,348910,454,55,349365,454,51,349819,455,58,350274,454,53,350729,454,55,351182,455,51,351637,456,54,352093,455,51,352548,455,56,353003,455,53,353458,455,58,353912,454,53,354366,453,54,354820,455,50,355274,455,51,355729,454,49,356183,455,55,356639,455,52,357094,455,56,357548,454,52,358003,453,54,358456,454,51,358910,455,51,359365,454,50,359819,455,55,360274,456,51,360730,461,58,361191,463,53,361655,462,55,362117,459,35,362575,456,45,363031,455,32,363486,453,46,363939,449,89,364388,447,88,364835,447,88,365282,451,83,365733,454,78,366188,455,72,366643,456,72,367098,455,74,367554,455,76,368008,455,77,368463,454,78,368917,455,78,369372,455,79,369827,455,79,370281,454,80,370736,455,79,371190,455,80,371645,454,79,372100,454,79,372554,454,78,373008,454,79,373463,455,78,373918,455,79,374373,455,77,374827,454,79,375282,454,78,375736,454,80,376191,455,78,376645,454,78,377100,454,78,377554,454,79,378008,455,79,378462,455,79,378917,454,79,379371,454,79,379825,455,78,380280,455,80,380735,454,79,381190,454,80,381644,455,79,382099,455,80,382554,455,78,383008,455,78,383463,455,78,383918,455,79,384373,455,78,384827,454,78,385282,454,77,385736,454,78,386190,454,79,386644,454,80,387099,455,78,387553,455,79,388008,454,78,388463,454,80,388917,455,79,389372,455,79,389827,455,79,390282,455,79,390737,455,78,391191,455,81,391646,455,82,392101,455,86,392556,455,86,393010,455,87,393465,455,89,393920,454,92,394374,455,92,394829,455,93,395284,455,93,395738,454,93,396192,454,93,396646,454,93,397100,455,93,397555,455,93,398010,455,93,398464,454,93,398919,455,93,399374,455,93,399828,455,93,400283,454,94,400738,454,93,401192,454,94,401646,455,93,402101,455,94,402556,455,93,403010,455,93,403465,455,93,403919,455,93,404374,454,93,404828,454,93,405283,454,93,405737,454,93,406191,454,93,406646,454,93,407100,454,93,407554,454,93,408008,455,93,408463,454,93,408917,454,93,409372,455,94,409826,455,94,410281,455,94,410736,455,94,411191,454,94,411645,454,94,412099,454,94,412553,454,93,413007,454,94,413461,454,94,413915,454,94,414370,455,93,414824,455,94,415279,455,94,415734,455,94,416189,455,93,416644,455,94,417099,455,94,417554,455,94,418009,454,94,418463,454,94,418918,455,94,419372,455,94,419827,454,94,420281,454,94,420736,454,93,421190,454,90,421644,454,84,422098,454,73,422552,455,75,423007,455,73,423462,454,75,423916,454,73,424370,455,75,424825,455,73,425280,455,75,425735,455,73,426189,455,75,426644,455,73,427099,455,75,427554,455,74,428009,455,75,428464,454,74,428919,454,75,429372,454,73,429826,455,75,430281,455,73,430736,455,75,431191,454,73,431645,454,75,432099,455,73,432555,455,75,433010,454,73,433464,453,75,433917,454,73,434371,455,75,434825,453,69,435279,455,62,435734,458,37,436192,458,37 \




/ bb1028 474,478,86,953,476,87,1428,476,88,1904,476,88,2379,475,87,2855,475,86,3330,477,87,3807,476,87,4283,477,87,4760,476,86,5236,477,86,5713,476,86,6189,477,86,6666,476,86,7142,476,86,7618,476,86,8095,476,85,8571,475,85,9046,476,85,9522,475,85,9998,476,85,10474,476,85,10950,477,85,11427,476,84,11903,476,84,12379,476,84,12856,476,85,13332,475,86,13807,475,86,14282,476,86,14758,477,78,15235,477,69,15712,477,71,16189,476,80,16665,477,85,17142,477,89,17618,475,90,18094,476,91,18570,475,92,19045,475,92,19521,476,92,19997,476,92,20473,476,92,20949,476,92,21426,476,92,21902,476,92,22378,476,92,22854,476,91,23331,476,91,23806,476,91,24282,476,91,24758,475,91,25234,477,91,25710,477,90,26187,477,90,26664,477,90,27141,476,91,27617,476,91,28093,476,92,28569,476,92 \
/ bb1028 474,478,86,953,476,87,1428,476,88,1904,476,88,2379,475,87,2855,475,86,3330,477,87,3807,476,87,4283,477,87,477,85,114274,477,91,25710,477,90,26187,477,90,26664,477,90,27141,476,91,27617,476,91,28093,476,92,28569,476,92 \